#--------------+
#  TRI FUSION  |
#--------------+
#
#+--------+-----------------------------+
#|        |           ordonne           |
#| Taille | Opérations     Comparaisons |
#+ -------+--------------+--------------+
       1              0               1  
       2              3               5  
       3              7               9  
       4             12              15  
       5             17              19  
       6             23              25  
       7             29              31  
       8             36              39  
       9             42              43  
      10             49              49  
      11             56              55  
      12             64              63  
      13             71              69  
      14             79              77  
      15             87              85  
      16             96              95  
      17            103              99  
      18            111             105  
      19            119             111  
      20            128             119  
      21            136             125  
      22            145             133  
      23            154             141  
      24            164             151  
      25            172             157  
      26            181             165  
      27            190             173  
      28            200             183  
      29            209             191  
      30            219             201  
      31            229             211  
      32            240             223  
      33            248             227  
      34            257             233  
      35            266             239  
      36            276             247  
      37            285             253  
      38            295             261  
      39            305             269  
      40            316             279  
      41            325             285  
      42            335             293  
      43            345             301  
      44            356             311  
      45            366             319  
      46            377             329  
      47            388             339  
      48            400             351  
      49            409             357  
      50            419             365  
      51            429             373  
      52            440             383  
      53            450             391  
      54            461             401  
      55            472             411  
      56            484             423  
      57            494             431  
      58            505             441  
      59            516             451  
      60            528             463  
      61            539             473  
      62            551             485  
      63            563             497  
      64            576             511  
      65            585             515  
      66            595             521  
      67            605             527  
      68            616             535  
      69            626             541  
      70            637             549  
      71            648             557  
      72            660             567  
      73            670             573  
      74            681             581  
      75            692             589  
      76            704             599  
      77            715             607  
      78            727             617  
      79            739             627  
      80            752             639  
      81            762             645  
      82            773             653  
      83            784             661  
      84            796             671  
      85            807             679  
      86            819             689  
      87            831             699  
      88            844             711  
      89            855             719  
      90            867             729  
      91            879             739  
      92            892             751  
      93            904             761  
      94            917             773  
      95            930             785  
      96            944             799  
      97            954             805  
      98            965             813  
      99            976             821  
     100            988             831  
     101            999             839  
     102           1011             849  
     103           1023             859  
     104           1036             871  
     105           1047             879  
     106           1059             889  
     107           1071             899  
     108           1084             911  
     109           1096             921  
     110           1109             933  
     111           1122             945  
     112           1136             959  
     113           1147             967  
     114           1159             977  
     115           1171             987  
     116           1184             999  
     117           1196            1009  
     118           1209            1021  
     119           1222            1033  
     120           1236            1047  
     121           1248            1057  
     122           1261            1069  
     123           1274            1081  
     124           1288            1095  
     125           1301            1107  
     126           1315            1121  
     127           1329            1135  
     128           1344            1151  
     129           1354            1155  
     130           1365            1161  
     131           1376            1167  
     132           1388            1175  
     133           1399            1181  
     134           1411            1189  
     135           1423            1197  
     136           1436            1207  
     137           1447            1213  
     138           1459            1221  
     139           1471            1229  
     140           1484            1239  
     141           1496            1247  
     142           1509            1257  
     143           1522            1267  
     144           1536            1279  
     145           1547            1285  
     146           1559            1293  
     147           1571            1301  
     148           1584            1311  
     149           1596            1319  
     150           1609            1329  
     151           1622            1339  
     152           1636            1351  
     153           1648            1359  
     154           1661            1369  
     155           1674            1379  
     156           1688            1391  
     157           1701            1401  
     158           1715            1413  
     159           1729            1425  
     160           1744            1439  
     161           1755            1445  
     162           1767            1453  
     163           1779            1461  
     164           1792            1471  
     165           1804            1479  
     166           1817            1489  
     167           1830            1499  
     168           1844            1511  
     169           1856            1519  
     170           1869            1529  
     171           1882            1539  
     172           1896            1551  
     173           1909            1561  
     174           1923            1573  
     175           1937            1585  
     176           1952            1599  
     177           1964            1607  
     178           1977            1617  
     179           1990            1627  
     180           2004            1639  
     181           2017            1649  
     182           2031            1661  
     183           2045            1673  
     184           2060            1687  
     185           2073            1697  
     186           2087            1709  
     187           2101            1721  
     188           2116            1735  
     189           2130            1747  
     190           2145            1761  
     191           2160            1775  
     192           2176            1791  
     193           2187            1797  
     194           2199            1805  
     195           2211            1813  
     196           2224            1823  
     197           2236            1831  
     198           2249            1841  
     199           2262            1851  
     200           2276            1863  
     201           2288            1871  
     202           2301            1881  
     203           2314            1891  
     204           2328            1903  
     205           2341            1913  
     206           2355            1925  
     207           2369            1937  
     208           2384            1951  
     209           2396            1959  
     210           2409            1969  
     211           2422            1979  
     212           2436            1991  
     213           2449            2001  
     214           2463            2013  
     215           2477            2025  
     216           2492            2039  
     217           2505            2049  
     218           2519            2061  
     219           2533            2073  
     220           2548            2087  
     221           2562            2099  
     222           2577            2113  
     223           2592            2127  
     224           2608            2143  
     225           2620            2151  
     226           2633            2161  
     227           2646            2171  
     228           2660            2183  
     229           2673            2193  
     230           2687            2205  
     231           2701            2217  
     232           2716            2231  
     233           2729            2241  
     234           2743            2253  
     235           2757            2265  
     236           2772            2279  
     237           2786            2291  
     238           2801            2305  
     239           2816            2319  
     240           2832            2335  
     241           2845            2345  
     242           2859            2357  
     243           2873            2369  
     244           2888            2383  
     245           2902            2395  
     246           2917            2409  
     247           2932            2423  
     248           2948            2439  
     249           2962            2451  
     250           2977            2465  
     251           2992            2479  
     252           3008            2495  
     253           3023            2509  
     254           3039            2525  
     255           3055            2541  
     256           3072            2559  
     257           3083            2563  
     258           3095            2569  
     259           3107            2575  
     260           3120            2583  
     261           3132            2589  
     262           3145            2597  
     263           3158            2605  
     264           3172            2615  
     265           3184            2621  
     266           3197            2629  
     267           3210            2637  
     268           3224            2647  
     269           3237            2655  
     270           3251            2665  
     271           3265            2675  
     272           3280            2687  
     273           3292            2693  
     274           3305            2701  
     275           3318            2709  
     276           3332            2719  
     277           3345            2727  
     278           3359            2737  
     279           3373            2747  
     280           3388            2759  
     281           3401            2767  
     282           3415            2777  
     283           3429            2787  
     284           3444            2799  
     285           3458            2809  
     286           3473            2821  
     287           3488            2833  
     288           3504            2847  
     289           3516            2853  
     290           3529            2861  
     291           3542            2869  
     292           3556            2879  
     293           3569            2887  
     294           3583            2897  
     295           3597            2907  
     296           3612            2919  
     297           3625            2927  
     298           3639            2937  
     299           3653            2947  
     300           3668            2959  
     301           3682            2969  
     302           3697            2981  
     303           3712            2993  
     304           3728            3007  
     305           3741            3015  
     306           3755            3025  
     307           3769            3035  
     308           3784            3047  
     309           3798            3057  
     310           3813            3069  
     311           3828            3081  
     312           3844            3095  
     313           3858            3105  
     314           3873            3117  
     315           3888            3129  
     316           3904            3143  
     317           3919            3155  
     318           3935            3169  
     319           3951            3183  
     320           3968            3199  
     321           3980            3205  
     322           3993            3213  
     323           4006            3221  
     324           4020            3231  
     325           4033            3239  
     326           4047            3249  
     327           4061            3259  
     328           4076            3271  
     329           4089            3279  
     330           4103            3289  
     331           4117            3299  
     332           4132            3311  
     333           4146            3321  
     334           4161            3333  
     335           4176            3345  
     336           4192            3359  
     337           4205            3367  
     338           4219            3377  
     339           4233            3387  
     340           4248            3399  
     341           4262            3409  
     342           4277            3421  
     343           4292            3433  
     344           4308            3447  
     345           4322            3457  
     346           4337            3469  
     347           4352            3481  
     348           4368            3495  
     349           4383            3507  
     350           4399            3521  
     351           4415            3535  
     352           4432            3551  
     353           4445            3559  
     354           4459            3569  
     355           4473            3579  
     356           4488            3591  
     357           4502            3601  
     358           4517            3613  
     359           4532            3625  
     360           4548            3639  
     361           4562            3649  
     362           4577            3661  
     363           4592            3673  
     364           4608            3687  
     365           4623            3699  
     366           4639            3713  
     367           4655            3727  
     368           4672            3743  
     369           4686            3753  
     370           4701            3765  
     371           4716            3777  
     372           4732            3791  
     373           4747            3803  
     374           4763            3817  
     375           4779            3831  
     376           4796            3847  
     377           4811            3859  
     378           4827            3873  
     379           4843            3887  
     380           4860            3903  
     381           4876            3917  
     382           4893            3933  
     383           4910            3949  
     384           4928            3967  
     385           4940            3973  
     386           4953            3981  
     387           4966            3989  
     388           4980            3999  
     389           4993            4007  
     390           5007            4017  
     391           5021            4027  
     392           5036            4039  
     393           5049            4047  
     394           5063            4057  
     395           5077            4067  
     396           5092            4079  
     397           5106            4089  
     398           5121            4101  
     399           5136            4113  
     400           5152            4127  
     401           5165            4135  
     402           5179            4145  
     403           5193            4155  
     404           5208            4167  
     405           5222            4177  
     406           5237            4189  
     407           5252            4201  
     408           5268            4215  
     409           5282            4225  
     410           5297            4237  
     411           5312            4249  
     412           5328            4263  
     413           5343            4275  
     414           5359            4289  
     415           5375            4303  
     416           5392            4319  
     417           5405            4327  
     418           5419            4337  
     419           5433            4347  
     420           5448            4359  
     421           5462            4369  
     422           5477            4381  
     423           5492            4393  
     424           5508            4407  
     425           5522            4417  
     426           5537            4429  
     427           5552            4441  
     428           5568            4455  
     429           5583            4467  
     430           5599            4481  
     431           5615            4495  
     432           5632            4511  
     433           5646            4521  
     434           5661            4533  
     435           5676            4545  
     436           5692            4559  
     437           5707            4571  
     438           5723            4585  
     439           5739            4599  
     440           5756            4615  
     441           5771            4627  
     442           5787            4641  
     443           5803            4655  
     444           5820            4671  
     445           5836            4685  
     446           5853            4701  
     447           5870            4717  
     448           5888            4735  
     449           5901            4743  
     450           5915            4753  
     451           5929            4763  
     452           5944            4775  
     453           5958            4785  
     454           5973            4797  
     455           5988            4809  
     456           6004            4823  
     457           6018            4833  
     458           6033            4845  
     459           6048            4857  
     460           6064            4871  
     461           6079            4883  
     462           6095            4897  
     463           6111            4911  
     464           6128            4927  
     465           6142            4937  
     466           6157            4949  
     467           6172            4961  
     468           6188            4975  
     469           6203            4987  
     470           6219            5001  
     471           6235            5015  
     472           6252            5031  
     473           6267            5043  
     474           6283            5057  
     475           6299            5071  
     476           6316            5087  
     477           6332            5101  
     478           6349            5117  
     479           6366            5133  
     480           6384            5151  
     481           6398            5161  
     482           6413            5173  
     483           6428            5185  
     484           6444            5199  
     485           6459            5211  
     486           6475            5225  
     487           6491            5239  
     488           6508            5255  
     489           6523            5267  
     490           6539            5281  
     491           6555            5295  
     492           6572            5311  
     493           6588            5325  
     494           6605            5341  
     495           6622            5357  
     496           6640            5375  
     497           6655            5387  
     498           6671            5401  
     499           6687            5415  
     500           6704            5431  
     501           6720            5445  
     502           6737            5461  
     503           6754            5477  
     504           6772            5495  
     505           6788            5509  
     506           6805            5525  
     507           6822            5541  
     508           6840            5559  
     509           6857            5575  
     510           6875            5593  
     511           6893            5611  
     512           6912            5631  
#+ -------+--------------+--------------+--------------+--------------+--------------+--------------+
