#--------------+
#  TRI FUSION  |
#--------------+
#
#+--------+-----------------------------+
#|        |           aleatoire           |
#| Taille | Opérations     Comparaisons |
#+ -------+--------------+--------------+
       1              0               1  
       2              3               5  
       3              8              11  
       4             13              15  
       5             20              23  
       6             27              33  
       7             33              39  
       8             40              45  
       9             50              57  
      10             56              59  
      11             67              75  
      12             76              87  
      13             84              95  
      14             94             107  
      15            103             115  
      16            112             119  
      17            122             137  
      18            133             145  
      19            144             159  
      20            155             169  
      21            162             169  
      22            173             181  
      23            186             199  
      24            197             211  
      25            208             227  
      26            221             237  
      27            225             241  
      28            244             267  
      29            253             277  
      30            264             289  
      31            274             295  
      32            284             305  
      33            299             321  
      34            314             343  
      35            325             353  
      36            337             365  
      37            344             367  
      38            361             383  
      39            371             395  
      40            386             417  
      41            392             417  
      42            410             439  
      43            426             461  
      44            437             469  
      45            446             465  
      46            461             489  
      47            474             493  
      48            487             523  
      49            498             529  
      50            519             561  
      51            527             563  
      52            543             579  
      53            554             589  
      54            557             579  
      55            584             619  
      56            592             629  
      57            599             631  
      58            618             659  
      59            633             671  
      60            638             665  
      61            653             691  
      62            670             705  
      63            683             715  
      64            697             733  
      65            709             745  
      66            729             773  
      67            742             791  
      68            761             795  
      69            776             829  
      70            780             819  
      71            799             851  
      72            817             867  
      73            826             875  
      74            841             889  
      75            858             911  
      76            867             919  
      77            885             937  
      78            904             943  
      79            914             965  
      80            937             995  
      81            944             999  
      82            950             983  
      83            972            1023  
      84            992            1047  
      85           1000            1053  
      86           1015            1065  
      87           1037            1101  
      88           1042            1099  
      89           1064            1117  
      90           1072            1129  
      91           1086            1133  
      92           1104            1153  
      93           1122            1179  
      94           1138            1175  
      95           1156            1221  
      96           1169            1219  
      97           1186            1259  
      98           1195            1261  
      99           1210            1263  
     100           1228            1289  
     101           1243            1305  
     102           1256            1317  
     103           1272            1325  
     104           1284            1339  
     105           1302            1367  
     106           1313            1391  
     107           1319            1389  
     108           1346            1427  
     109           1355            1411  
     110           1371            1437  
     111           1391            1457  
     112           1412            1507  
     113           1418            1495  
     114           1437            1525  
     115           1447            1517  
     116           1461            1531  
     117           1477            1549  
     118           1494            1555  
     119           1516            1593  
     120           1521            1587  
     121           1537            1613  
     122           1567            1647  
     123           1574            1653  
     124           1596            1691  
     125           1611            1699  
     126           1618            1701  
     127           1625            1695  
     128           1653            1735  
     129           1667            1751  
     130           1680            1755  
     131           1694            1785  
     132           1715            1799  
     133           1736            1821  
     134           1744            1825  
     135           1759            1839  
     136           1780            1835  
     137           1786            1859  
     138           1816            1907  
     139           1825            1915  
     140           1835            1905  
     141           1857            1947  
     142           1874            1959  
     143           1903            1991  
     144           1908            1989  
     145           1929            2019  
     146           1948            2045  
     147           1955            2045  
     148           1979            2079  
     149           1995            2073  
     150           2012            2103  
     151           2025            2113  
     152           2045            2135  
     153           2050            2143  
     154           2084            2191  
     155           2098            2197  
     156           2111            2209  
     157           2131            2229  
     158           2131            2209  
     159           2151            2249  
     160           2164            2273  
     161           2184            2265  
     162           2193            2265  
     163           2224            2321  
     164           2222            2309  
     165           2262            2363  
     166           2266            2375  
     167           2292            2395  
     168           2298            2389  
     169           2332            2435  
     170           2338            2435  
     171           2344            2435  
     172           2368            2463  
     173           2386            2487  
     174           2412            2531  
     175           2435            2547  
     176           2448            2543  
     177           2451            2545  
     178           2468            2575  
     179           2490            2597  
     180           2510            2617  
     181           2524            2625  
     182           2547            2663  
     183           2561            2675  
     184           2578            2687  
     185           2595            2697  
     186           2606            2723  
     187           2629            2739  
     188           2644            2745  
     189           2651            2761  
     190           2679            2791  
     191           2695            2801  
     192           2720            2857  
     193           2726            2825  
     194           2744            2851  
     195           2758            2871  
     196           2786            2881  
     197           2804            2945  
     198           2805            2907  
     199           2825            2927  
     200           2852            2957  
     201           2862            2985  
     202           2887            3009  
     203           2899            3033  
     204           2900            3013  
     205           2936            3037  
     206           2948            3065  
     207           2970            3079  
     208           2984            3121  
     209           3002            3133  
     210           3013            3139  
     211           3050            3195  
     212           3064            3189  
     213           3065            3193  
     214           3081            3213  
     215           3098            3241  
     216           3128            3273  
     217           3131            3259  
     218           3151            3285  
     219           3163            3253  
     220           3175            3311  
     221           3210            3353  
     222           3225            3365  
     223           3236            3367  
     224           3244            3379  
     225           3269            3385  
     226           3278            3393  
     227           3291            3411  
     228           3331            3469  
     229           3338            3469  
     230           3354            3499  
     231           3367            3497  
     232           3384            3505  
     233           3396            3547  
     234           3419            3563  
     235           3445            3589  
     236           3465            3601  
     237           3477            3613  
     238           3493            3635  
     239           3519            3651  
     240           3527            3661  
     241           3553            3711  
     242           3550            3713  
     243           3591            3757  
     244           3603            3749  
     245           3603            3715  
     246           3638            3803  
     247           3653            3813  
     248           3673            3843  
     249           3688            3835  
     250           3708            3883  
     251           3726            3857  
     252           3741            3893  
     253           3759            3929  
     254           3758            3917  
     255           3790            3911  
     256           3802            3963  
     257           3820            3981  
     258           3846            3989  
     259           3859            4017  
     260           3877            4045  
     261           3900            4047  
     262           3914            4073  
     263           3926            4081  
     264           3959            4119  
     265           3977            4171  
     266           3997            4143  
     267           4008            4157  
     268           4029            4215  
     269           4033            4193  
     270           4069            4247  
     271           4087            4261  
     272           4093            4255  
     273           4115            4273  
     274           4127            4295  
     275           4149            4307  
     276           4177            4361  
     277           4193            4335  
     278           4211            4373  
     279           4226            4399  
     280           4259            4445  
     281           4250            4407  
     282           4290            4463  
     283           4296            4477  
     284           4323            4505  
     285           4354            4527  
     286           4359            4517  
     287           4374            4555  
     288           4380            4543  
     289           4407            4577  
     290           4425            4605  
     291           4441            4599  
     292           4468            4639  
     293           4478            4649  
     294           4498            4643  
     295           4513            4663  
     296           4535            4715  
     297           4571            4759  
     298           4578            4759  
     299           4598            4767  
     300           4631            4841  
     301           4638            4803  
     302           4654            4855  
     303           4678            4867  
     304           4696            4877  
     305           4721            4917  
     306           4721            4907  
     307           4742            4883  
     308           4756            4921  
     309           4783            4969  
     310           4804            4993  
     311           4827            5029  
     312           4842            5057  
     313           4869            5075  
     314           4857            5025  
     315           4902            5079  
     316           4907            5099  
     317           4934            5139  
     318           4943            5123  
     319           4955            5147  
     320           4975            5161  
     321           5003            5195  
     322           5023            5197  
     323           5044            5229  
     324           5054            5233  
     325           5076            5265  
     326           5090            5279  
     327           5104            5305  
     328           5125            5297  
     329           5139            5355  
     330           5160            5323  
     331           5204            5397  
     332           5205            5399  
     333           5225            5407  
     334           5257            5441  
     335           5252            5443  
     336           5274            5459  
     337           5310            5483  
     338           5305            5487  
     339           5348            5571  
     340           5366            5569  
     341           5374            5577  
     342           5395            5601  
     343           5391            5561  
     344           5431            5637  
     345           5443            5667  
     346           5479            5715  
     347           5493            5669  
     348           5511            5725  
     349           5530            5769  
     350           5569            5809  
     351           5584            5797  
     352           5578            5801  
     353           5629            5841  
     354           5620            5805  
     355           5632            5807  
     356           5659            5859  
     357           5690            5907  
     358           5711            5929  
     359           5733            5969  
     360           5734            5955  
     361           5745            5955  
     362           5784            5979  
     363           5791            5991  
     364           5810            6027  
     365           5826            6025  
     366           5846            6031  
     367           5875            6093  
     368           5903            6121  
     369           5911            6137  
     370           5911            6125  
     371           5946            6137  
     372           5960            6167  
     373           5973            6179  
     374           5997            6231  
     375           6023            6255  
     376           6051            6269  
     377           6051            6277  
     378           6075            6261  
     379           6106            6315  
     380           6106            6313  
     381           6120            6317  
     382           6149            6341  
     383           6155            6379  
     384           6196            6429  
     385           6217            6393  
     386           6241            6473  
     387           6241            6455  
     388           6269            6495  
     389           6275            6483  
     390           6288            6517  
     391           6327            6553  
     392           6348            6581  
     393           6362            6587  
     394           6386            6621  
     395           6402            6635  
     396           6399            6615  
     397           6453            6695  
     398           6455            6697  
     399           6466            6697  
     400           6500            6751  
     401           6521            6769  
     402           6538            6783  
     403           6558            6789  
     404           6561            6771  
     405           6596            6799  
     406           6594            6831  
     407           6611            6827  
     408           6647            6915  
     409           6675            6913  
     410           6690            6925  
     411           6675            6903  
     412           6727            6979  
     413           6733            6991  
     414           6765            7033  
     415           6787            7053  
     416           6783            7013  
     417           6813            7057  
     418           6831            7075  
     419           6852            7099  
     420           6877            7113  
     421           6886            7139  
     422           6907            7153  
     423           6941            7215  
     424           6961            7217  
     425           6967            7201  
     426           6981            7225  
     427           7008            7259  
     428           7038            7313  
     429           7053            7329  
     430           7056            7331  
     431           7084            7351  
     432           7109            7353  
     433           7122            7381  
     434           7122            7375  
     435           7148            7385  
     436           7173            7439  
     437           7190            7463  
     438           7228            7513  
     439           7219            7469  
     440           7250            7521  
     441           7264            7531  
     442           7289            7551  
     443           7289            7517  
     444           7321            7589  
     445           7355            7629  
     446           7369            7631  
     447           7374            7637  
     448           7408            7683  
     449           7403            7669  
     450           7444            7711  
     451           7465            7731  
     452           7484            7749  
     453           7478            7713  
     454           7520            7787  
     455           7526            7789  
     456           7553            7817  
     457           7558            7819  
     458           7595            7877  
     459           7610            7895  
     460           7637            7897  
     461           7641            7899  
     462           7664            7947  
     463           7695            7981  
     464           7723            8007  
     465           7709            7963  
     466           7752            8045  
     467           7763            8013  
     468           7804            8109  
     469           7803            8069  
     470           7827            8147  
     471           7852            8135  
     472           7861            8107  
     473           7869            8153  
     474           7897            8191  
     475           7939            8255  
     476           7948            8257  
     477           7939            8183  
     478           7982            8265  
     479           8013            8323  
     480           8013            8303  
     481           8044            8327  
     482           8060            8343  
     483           8074            8389  
     484           8106            8437  
     485           8118            8405  
     486           8123            8419  
     487           8124            8379  
     488           8179            8487  
     489           8182            8469  
     490           8207            8511  
     491           8234            8523  
     492           8231            8535  
     493           8268            8541  
     494           8291            8573  
     495           8313            8633  
     496           8329            8649  
     497           8341            8649  
     498           8364            8665  
     499           8403            8717  
     500           8405            8673  
     501           8422            8729  
     502           8440            8715  
     503           8482            8787  
     504           8465            8743  
     505           8513            8841  
     506           8521            8785  
     507           8544            8845  
     508           8568            8901  
     509           8559            8871  
     510           8603            8919  
     511           8640            8981  
     512           8624            8891  
#+ -------+--------------+--------------+--------------+--------------+--------------+--------------+
