#--------------+
#  QUICK SORT  |
#--------------+
#
#+--------+-----------------------------+
#|        |           inverse           |
#| Taille | Opérations     Comparaisons |
#+ -------+--------------+--------------+
       1              0               1  
       2              3               5  
       3              6              12  
       4              9              21  
       5             10              23  
       6             13              31  
       7             17              43  
       8             19              63  
       9             19              43  
      10             19              53  
      11             25              69  
      12             26             110  
      13             27              89  
      14             32             115  
      15             35             134  
      16             39             114  
      17             41             116  
      18             41             120  
      19             44             176  
      20             51             165  
      21             47             170  
      22             48             233  
      23             53             203  
      24             55             277  
      25             53             206  
      26             59             231  
      27             66             284  
      28             64             246  
      29             65             237  
      30             65             244  
      31             71             281  
      32             71             286  
      33             79             282  
      34             76             442  
      35             83             340  
      36             83             343  
      37             91             374  
      38             88             436  
      39             89             436  
      40             91             407  
      41            100             435  
      42            100             463  
      43            106             429  
      44             96             532  
      45            102             508  
      46            112             619  
      47            111             510  
      48            111             522  
      49            122             562  
      50            119             623  
      51            116             608  
      52            130             538  
      53            120             754  
      54            131             608  
      55            128             649  
      56            129             652  
      57            133             780  
      58            128             900  
      59            149             916  
      60            147             786  
      61            146             738  
      62            141            1021  
      63            150             879  
      64            144             752  
      65            157             835  
      66            163             959  
      67            153             884  
      68            162             802  
      69            162             896  
      70            163             779  
      71            174             852  
      72            167             893  
      73            169            1008  
      74            168             858  
      75            180             936  
      76            166            1006  
      77            178             904  
      78            179            1031  
      79            192            1029  
      80            186            1104  
      81            184            1007  
      82            198            1025  
      83            198            1170  
      84            208            1206  
      85            207            1053  
      86            201            1094  
      87            210            1306  
      88            212            1298  
      89            212            1268  
      90            206            1164  
      91            223            1238  
      92            212            1242  
      93            221            1330  
      94            225            1692  
      95            225            1257  
      96            227            1254  
      97            236            1386  
      98            227            1208  
      99            236            1383  
     100            225            1311  
     101            232            1343  
     102            242            1481  
     103            246            1469  
     104            236            1389  
     105            243            1473  
     106            249            1371  
     107            254            1521  
     108            256            1395  
     109            265            1500  
     110            263            1806  
     111            263            1713  
     112            263            1764  
     113            268            1780  
     114            274            1457  
     115            264            1481  
     116            278            1575  
     117            280            1617  
     118            278            1833  
     119            278            1649  
     120            287            1767  
     121            295            2027  
     122            288            1777  
     123            296            1764  
     124            302            2025  
     125            287            2090  
     126            305            1718  
     127            295            1942  
     128            302            1882  
     129            296            1886  
     130            316            1953  
     131            298            1979  
     132            312            1962  
     133            324            2103  
     134            310            1940  
     135            327            1972  
     136            327            2197  
     137            340            2382  
     138            332            2158  
     139            336            2106  
     140            338            2345  
     141            334            1932  
     142            330            2170  
     143            339            2024  
     144            353            2412  
     145            350            2597  
     146            344            2278  
     147            340            2276  
     148            343            2370  
     149            348            2498  
     150            365            2134  
     151            371            2401  
     152            371            2504  
     153            371            2206  
     154            368            2508  
     155            359            2482  
     156            369            2432  
     157            380            2551  
     158            368            2452  
     159            374            2642  
     160            386            2542  
     161            392            2447  
     162            385            2298  
     163            388            2327  
     164            402            2553  
     165            384            2828  
     166            392            2653  
     167            400            2662  
     168            403            3116  
     169            400            2789  
     170            400            3012  
     171            407            2752  
     172            408            2899  
     173            410            2740  
     174            397            2600  
     175            422            2699  
     176            426            2982  
     177            412            2873  
     178            430            3176  
     179            432            2839  
     180            429            3278  
     181            434            2777  
     182            429            3097  
     183            438            2823  
     184            446            2935  
     185            427            3085  
     186            436            2795  
     187            441            2878  
     188            449            3067  
     189            445            2928  
     190            453            3275  
     191            463            3944  
     192            447            3152  
     193            473            3161  
     194            467            3440  
     195            462            3388  
     196            476            4005  
     197            470            3277  
     198            473            3225  
     199            491            3210  
     200            478            3339  
     201            488            3440  
     202            491            3354  
     203            487            3318  
     204            497            3044  
     205            499            3328  
     206            494            4004  
     207            487            3409  
     208            490            3429  
     209            505            3676  
     210            502            4000  
     211            503            3691  
     212            508            4018  
     213            523            3549  
     214            529            3403  
     215            514            4149  
     216            508            3319  
     217            507            3607  
     218            528            4066  
     219            512            4101  
     220            535            3922  
     221            527            3853  
     222            526            3599  
     223            535            3980  
     224            530            4046  
     225            527            3838  
     226            527            3548  
     227            547            4464  
     228            548            4127  
     229            555            3754  
     230            563            4310  
     231            554            3517  
     232            556            4310  
     233            549            3992  
     234            559            3916  
     235            556            4095  
     236            565            3894  
     237            586            4714  
     238            558            4093  
     239            564            4560  
     240            558            4071  
     241            575            4184  
     242            589            4120  
     243            578            4171  
     244            576            3977  
     245            591            4640  
     246            598            4238  
     247            586            5031  
     248            595            4091  
     249            587            5086  
     250            584            4718  
     251            604            4488  
     252            590            4278  
     253            608            4210  
     254            616            4230  
     255            603            4685  
     256            600            5055  
     257            604            4092  
     258            622            4706  
     259            616            4234  
     260            614            4835  
     261            629            4276  
     262            625            4383  
     263            612            4618  
     264            625            4507  
     265            638            4511  
     266            636            4548  
     267            638            4660  
     268            637            4430  
     269            634            4365  
     270            662            5023  
     271            658            4544  
     272            655            4645  
     273            659            4988  
     274            646            4933  
     275            668            5302  
     276            667            5277  
     277            666            5463  
     278            660            4901  
     279            669            5569  
     280            650            4910  
     281            671            5268  
     282            680            5531  
     283            689            5100  
     284            674            4869  
     285            680            5142  
     286            688            5055  
     287            679            5126  
     288            715            5025  
     289            694            5587  
     290            702            5328  
     291            695            5364  
     292            701            5451  
     293            697            5038  
     294            714            5134  
     295            696            5135  
     296            713            5003  
     297            720            5130  
     298            714            5763  
     299            699            5198  
     300            733            5641  
     301            731            5899  
     302            740            5274  
     303            730            5219  
     304            730            5893  
     305            718            5563  
     306            724            5801  
     307            747            5678  
     308            740            5907  
     309            724            5908  
     310            739            5472  
     311            778            6142  
     312            742            6167  
     313            764            5708  
     314            744            5334  
     315            756            5929  
     316            771            5548  
     317            759            6048  
     318            763            6156  
     319            754            6210  
     320            762            6265  
     321            785            6479  
     322            770            6118  
     323            778            6189  
     324            780            6461  
     325            779            6270  
     326            796            6176  
     327            788            7079  
     328            792            6401  
     329            783            5583  
     330            779            6280  
     331            786            6984  
     332            818            6897  
     333            782            6767  
     334            795            5947  
     335            816            5993  
     336            810            6747  
     337            816            6406  
     338            823            6016  
     339            800            6065  
     340            807            6275  
     341            806            6898  
     342            815            6426  
     343            812            6044  
     344            827            6371  
     345            828            6960  
     346            820            5926  
     347            828            6656  
     348            823            6547  
     349            847            7038  
     350            866            6313  
     351            831            6302  
     352            857            6146  
     353            846            7738  
     354            854            6189  
     355            837            6506  
     356            863            6804  
     357            846            6927  
     358            855            6573  
     359            842            7326  
     360            846            7033  
     361            881            6502  
     362            883            6553  
     363            870            6611  
     364            880            8679  
     365            872            7459  
     366            889            7369  
     367            899            6777  
     368            873            7275  
     369            884            6793  
     370            878            7327  
     371            896            7798  
     372            876            6433  
     373            892            6747  
     374            887            7809  
     375            892            7227  
     376            912            7427  
     377            909            7377  
     378            911            7895  
     379            918            7319  
     380            921            6769  
     381            905            7418  
     382            921            7921  
     383            909            7102  
     384            901            7152  
     385            924            8509  
     386            939            7540  
     387            924            7098  
     388            930            7434  
     389            934            8247  
     390            940            7821  
     391            935            7462  
     392            958            7742  
     393            927            7611  
     394            946            7345  
     395            940            7463  
     396            955            7953  
     397            943            7845  
     398            956            8465  
     399            947            7623  
     400            959            7186  
     401            951            7431  
     402            961            7728  
     403            980            7564  
     404            955            7639  
     405            979            7471  
     406            957            7970  
     407            973            7297  
     408            979            7814  
     409            992            7332  
     410            964            9577  
     411            979            7533  
     412            977            7498  
     413           1000            9008  
     414            997            7402  
     415            976            7875  
     416            987            8465  
     417            981            7925  
     418           1011            8266  
     419           1019            8258  
     420            990            8248  
     421           1009            8473  
     422            995            7907  
     423           1002            8139  
     424            993            8332  
     425           1016            7832  
     426           1023            8458  
     427           1019            8460  
     428           1022            9602  
     429           1036            9237  
     430           1004            8467  
     431           1024            8479  
     432           1054            9099  
     433           1033            8267  
     434           1043            9696  
     435           1045            8138  
     436           1048            8460  
     437           1033            8687  
     438           1037            9783  
     439           1045            7914  
     440           1067            8494  
     441           1044            8720  
     442           1043            9397  
     443           1063            8183  
     444           1060            8756  
     445           1068            9750  
     446           1052            8336  
     447           1068            8909  
     448           1084            8440  
     449           1061            8245  
     450           1060            8908  
     451           1083            8885  
     452           1077            9522  
     453           1079            8785  
     454           1082            8382  
     455           1089            8906  
     456           1091            9706  
     457           1090            9040  
     458           1072            8881  
     459           1108            8663  
     460           1106            9351  
     461           1114            9818  
     462           1102            8819  
     463           1114            8163  
     464           1125            9822  
     465           1115            9014  
     466           1116            8757  
     467           1126            9551  
     468           1114            9171  
     469           1131           10140  
     470           1127            8985  
     471           1131            9306  
     472           1150            9007  
     473           1148           10193  
     474           1138            9220  
     475           1145           10014  
     476           1157            9583  
     477           1105            9670  
     478           1146            9233  
     479           1126            9130  
     480           1134            9204  
     481           1155           10326  
     482           1180            9049  
     483           1164            9908  
     484           1164            9307  
     485           1161            9244  
     486           1143            9034  
     487           1184            9300  
     488           1154           10238  
     489           1193           10811  
     490           1174            9332  
     491           1181           10575  
     492           1177            9504  
     493           1179           10178  
     494           1198            9186  
     495           1187           10113  
     496           1185           10144  
     497           1203           10779  
     498           1192           10700  
     499           1197            9630  
     500           1181           11088  
     501           1182            9653  
     502           1222           10681  
     503           1200           10137  
     504           1216           10992  
     505           1226           10208  
     506           1236           11174  
     507           1215            9581  
     508           1208           11868  
     509           1195            9589  
     510           1207           10150  
     511           1235           10593  
     512           1224            9760  
#+ -------+--------------+--------------+--------------+--------------+--------------+--------------+
