#--------------+
#  QUICK SORT  |
#--------------+
#
#+--------+-----------------------------+
#|        |           aleatoire           |
#| Taille | Opérations     Comparaisons |
#+ -------+--------------+--------------+
       1              0               1  
       2              3               5  
       3              6              13  
       4              7              12  
       5             10              26  
       6             12              37  
       7             14              41  
       8             17              42  
       9             21              53  
      10             23              58  
      11             21              64  
      12             30              89  
      13             28             112  
      14             34             118  
      15             37             126  
      16             38             154  
      17             42             124  
      18             46             128  
      19             49             178  
      20             47             179  
      21             45             182  
      22             51             219  
      23             61             191  
      24             56             186  
      25             62             234  
      26             65             210  
      27             71             228  
      28             75             329  
      29             75             303  
      30             70             269  
      31             77             283  
      32             83             272  
      33             90             312  
      34             92             320  
      35             95             341  
      36             98             439  
      37            103             427  
      38            100             357  
      39            112             392  
      40            106             390  
      41            116             473  
      42            113             401  
      43            108             484  
      44            113             629  
      45            122             551  
      46            122             492  
      47            123             449  
      48            135             544  
      49            133             676  
      50            143             552  
      51            146             516  
      52            141             653  
      53            135             687  
      54            158             585  
      55            154             626  
      56            173             674  
      57            164             711  
      58            164             637  
      59            157             797  
      60            170             795  
      61            165             721  
      62            166             666  
      63            179             826  
      64            178             781  
      65            184             752  
      66            191             762  
      67            186             952  
      68            191             912  
      69            190             812  
      70            197             772  
      71            199             921  
      72            202             946  
      73            210             957  
      74            214            1111  
      75            231             959  
      76            219            1033  
      77            233             953  
      78            219            1052  
      79            232             991  
      80            229            1017  
      81            237            1447  
      82            238             968  
      83            246            1126  
      84            235            1209  
      85            244            1222  
      86            245            1037  
      87            254            1133  
      88            243            1211  
      89            267            1214  
      90            265            1111  
      91            266            1211  
      92            272            1171  
      93            274            1253  
      94            281            1306  
      95            266            1374  
      96            280            1623  
      97            275            1549  
      98            290            1544  
      99            294            1507  
     100            288            1191  
     101            288            1409  
     102            294            1616  
     103            302            1904  
     104            307            1466  
     105            316            1405  
     106            306            1499  
     107            332            1404  
     108            333            1500  
     109            335            1405  
     110            334            1410  
     111            346            1691  
     112            330            1492  
     113            336            1620  
     114            349            1533  
     115            342            1594  
     116            341            1822  
     117            343            1854  
     118            352            1716  
     119            358            1657  
     120            366            1569  
     121            374            1800  
     122            374            1827  
     123            382            1664  
     124            379            1658  
     125            376            1793  
     126            391            1821  
     127            394            1726  
     128            389            1663  
     129            377            1866  
     130            382            1887  
     131            408            1819  
     132            416            1874  
     133            414            2022  
     134            418            1686  
     135            407            2245  
     136            412            2102  
     137            424            2187  
     138            431            1984  
     139            451            2110  
     140            432            2313  
     141            437            2062  
     142            441            1976  
     143            435            2063  
     144            460            1987  
     145            437            2037  
     146            458            2487  
     147            467            2145  
     148            477            2343  
     149            463            2334  
     150            468            2090  
     151            472            2138  
     152            476            2174  
     153            474            2549  
     154            471            2167  
     155            454            2515  
     156            489            2763  
     157            479            3041  
     158            500            2328  
     159            481            2487  
     160            507            2381  
     161            517            2412  
     162            516            2368  
     163            509            2914  
     164            515            2550  
     165            519            2304  
     166            513            3063  
     167            520            2612  
     168            514            2788  
     169            540            2416  
     170            526            2406  
     171            560            2610  
     172            551            2545  
     173            542            2839  
     174            534            2978  
     175            546            2992  
     176            550            2791  
     177            561            3053  
     178            556            3046  
     179            572            2738  
     180            571            2686  
     181            568            2992  
     182            582            3242  
     183            578            2793  
     184            584            2733  
     185            586            2809  
     186            593            3099  
     187            615            2957  
     188            589            2967  
     189            589            3197  
     190            589            3491  
     191            606            3418  
     192            596            3092  
     193            614            2934  
     194            616            3558  
     195            621            3231  
     196            612            3239  
     197            619            3138  
     198            636            3073  
     199            640            3183  
     200            627            3062  
     201            618            3830  
     202            647            3566  
     203            663            3188  
     204            656            3134  
     205            637            3561  
     206            674            3146  
     207            685            3033  
     208            673            3827  
     209            660            3546  
     210            661            3235  
     211            668            3387  
     212            684            3444  
     213            654            4102  
     214            667            3576  
     215            685            3436  
     216            707            3395  
     217            701            4196  
     218            703            3287  
     219            715            3585  
     220            710            3543  
     221            716            3589  
     222            724            3541  
     223            733            3525  
     224            723            4566  
     225            716            3892  
     226            736            4208  
     227            746            3459  
     228            735            3748  
     229            728            4214  
     230            751            4124  
     231            756            4147  
     232            755            4368  
     233            741            3910  
     234            756            4168  
     235            757            4222  
     236            763            3688  
     237            759            4589  
     238            794            3878  
     239            756            4106  
     240            772            4090  
     241            782            4666  
     242            804            3922  
     243            769            4400  
     244            785            4117  
     245            797            3993  
     246            799            4489  
     247            815            3843  
     248            832            3964  
     249            815            4467  
     250            817            4242  
     251            828            4052  
     252            809            4447  
     253            824            4471  
     254            833            4923  
     255            824            4064  
     256            829            4480  
     257            840            5134  
     258            848            4611  
     259            853            4631  
     260            835            4293  
     261            865            4470  
     262            850            5113  
     263            884            4129  
     264            864            4623  
     265            882            4138  
     266            877            4397  
     267            900            4323  
     268            887            4360  
     269            896            4343  
     270            898            4331  
     271            903            4393  
     272            877            4836  
     273            878            5499  
     274            912            4366  
     275            908            4970  
     276            915            4853  
     277            887            5130  
     278            925            5400  
     279            907            5574  
     280            913            5159  
     281            928            5322  
     282            915            5317  
     283            922            4716  
     284            949            4918  
     285            926            5496  
     286            951            4722  
     287            954            4967  
     288            953            5116  
     289            946            4629  
     290            985            5091  
     291            970            5007  
     292            969            4934  
     293            979            5801  
     294            994            4736  
     295            978            5453  
     296           1007            4585  
     297            962            5006  
     298            990            5263  
     299           1006            5242  
     300            984            5972  
     301            992            5137  
     302           1006            5603  
     303           1007            5714  
     304           1016            5570  
     305           1004            5304  
     306           1063            5264  
     307           1028            5213  
     308           1021            5534  
     309           1023            5583  
     310           1010            6942  
     311           1023            6012  
     312           1039            5378  
     313           1019            6718  
     314           1069            5281  
     315           1064            5640  
     316           1087            4949  
     317           1075            5406  
     318           1057            6382  
     319           1055            6360  
     320           1056            6660  
     321           1063            5719  
     322           1066            5485  
     323           1089            6344  
     324           1089            5958  
     325           1093            5285  
     326           1116            5849  
     327           1109            5784  
     328           1095            5862  
     329           1074            6077  
     330           1083            7026  
     331           1132            5991  
     332           1120            6457  
     333           1124            5440  
     334           1133            5830  
     335           1151            5680  
     336           1133            6329  
     337           1153            5648  
     338           1146            6057  
     339           1149            5549  
     340           1144            6389  
     341           1157            5726  
     342           1139            6868  
     343           1141            6161  
     344           1142            7307  
     345           1171            6344  
     346           1158            6115  
     347           1161            6511  
     348           1162            6481  
     349           1204            5578  
     350           1155            8901  
     351           1159            6700  
     352           1177            6283  
     353           1213            6556  
     354           1230            5722  
     355           1212            6074  
     356           1203            6390  
     357           1206            6131  
     358           1245            6399  
     359           1219            6766  
     360           1232            6430  
     361           1204            6635  
     362           1209            7255  
     363           1256            6708  
     364           1236            6220  
     365           1207            6279  
     366           1237            6541  
     367           1224            6688  
     368           1250            6679  
     369           1227            7786  
     370           1252            6578  
     371           1220            6895  
     372           1252            6638  
     373           1260            6015  
     374           1250            6770  
     375           1306            7427  
     376           1268            7352  
     377           1291            7066  
     378           1304            6759  
     379           1279            7446  
     380           1314            6427  
     381           1276            6899  
     382           1287            7692  
     383           1306            7037  
     384           1286            7041  
     385           1298            7042  
     386           1317            6394  
     387           1314            7467  
     388           1330            6745  
     389           1311            8860  
     390           1343            7557  
     391           1303            7828  
     392           1327            7149  
     393           1300            8881  
     394           1360            7106  
     395           1340            7408  
     396           1345            7133  
     397           1348            8430  
     398           1384            7567  
     399           1365            7566  
     400           1362            8122  
     401           1420            6817  
     402           1377            7402  
     403           1357            7011  
     404           1377            7091  
     405           1353            8160  
     406           1372            7991  
     407           1388            7710  
     408           1397            8454  
     409           1359            8822  
     410           1414            8305  
     411           1389            7292  
     412           1402            8037  
     413           1405            7496  
     414           1435            7269  
     415           1377            9023  
     416           1425            7582  
     417           1437            8786  
     418           1438            7380  
     419           1453            7724  
     420           1436            8884  
     421           1451            8094  
     422           1403           10100  
     423           1437            8191  
     424           1471            8736  
     425           1457            8071  
     426           1447            7755  
     427           1442            8355  
     428           1470            8323  
     429           1487            7786  
     430           1477            7744  
     431           1493            7933  
     432           1526            7345  
     433           1480            9302  
     434           1509            7796  
     435           1520            8741  
     436           1526            7790  
     437           1484            7934  
     438           1489            7855  
     439           1512            8029  
     440           1526            8129  
     441           1498           10176  
     442           1515            8849  
     443           1526            8336  
     444           1533            8310  
     445           1538            9073  
     446           1552            8150  
     447           1530            9132  
     448           1559            9084  
     449           1557            8075  
     450           1559            9578  
     451           1530            9190  
     452           1583            8196  
     453           1581            8039  
     454           1541            9364  
     455           1571            8314  
     456           1585            8628  
     457           1579            8958  
     458           1596            8618  
     459           1611            7851  
     460           1596            8107  
     461           1573            9196  
     462           1614            8198  
     463           1588            8797  
     464           1643            8831  
     465           1611            8551  
     466           1634            9435  
     467           1608            8550  
     468           1631            8570  
     469           1601           10260  
     470           1630            9596  
     471           1619            8472  
     472           1658            8973  
     473           1665            8778  
     474           1661           10734  
     475           1628            9687  
     476           1605           10692  
     477           1668            8689  
     478           1702            9245  
     479           1639            8778  
     480           1642            8826  
     481           1649           10600  
     482           1636           10307  
     483           1666           10102  
     484           1691            8879  
     485           1698            9719  
     486           1706            9271  
     487           1718            9190  
     488           1687           10031  
     489           1735            9790  
     490           1740            9069  
     491           1732            9442  
     492           1710            9589  
     493           1702           10869  
     494           1755            9651  
     495           1731            9467  
     496           1728            9671  
     497           1738            9584  
     498           1677           11780  
     499           1777            9300  
     500           1781            9065  
     501           1768            9124  
     502           1719            9769  
     503           1740           11366  
     504           1779           10247  
     505           1721           10448  
     506           1798            9039  
     507           1769           10482  
     508           1772           11028  
     509           1744           11148  
     510           1809            9142  
     511           1781            9191  
     512           1758           10394  
#+ -------+--------------+--------------+--------------+--------------+--------------+--------------+
