#--------------+
#  QUICK SORT  |
#--------------+
#
#+--------+-----------------------------+
#|        |           ordonne           |
#| Taille | Opérations     Comparaisons |
#+ -------+--------------+--------------+
       1              0               1  
       2              3               5  
       3              6              13  
       4              6              15  
       5              9              30  
       6             12              36  
       7             12              35  
       8             12              40  
       9             18              53  
      10             21              70  
      11             18              63  
      12             18              73  
      13             24              94  
      14             27             150  
      15             27             116  
      16             33             150  
      17             33             156  
      18             33             148  
      19             36             175  
      20             30             148  
      21             39             176  
      22             42             212  
      23             42             203  
      24             48             210  
      25             51             245  
      26             45             224  
      27             45             238  
      28             51             242  
      29             60             277  
      30             57             296  
      31             63             327  
      32             57             324  
      33             60             300  
      34             63             358  
      35             60             326  
      36             66             383  
      37             66             473  
      38             72             453  
      39             75             478  
      40             72             488  
      41             81             431  
      42             81             517  
      43             78             462  
      44             84             608  
      45             87             599  
      46             90             597  
      47             84             507  
      48             90             668  
      49             90             546  
      50             96             705  
      51             93             697  
      52             96             645  
      53            105             737  
      54             99             586  
      55             99             716  
      56            114             757  
      57             99             745  
      58            108             736  
      59            111             684  
      60            105             816  
      61            108             717  
      62            120             834  
      63            123             804  
      64            123             812  
      65            123             843  
      66            126             788  
      67            123             806  
      68            135             893  
      69            129             886  
      70            135             955  
      71            135             974  
      72            138            1055  
      73            126             851  
      74            141             946  
      75            153            1097  
      76            144            1025  
      77            156            1116  
      78            144             950  
      79            141            1131  
      80            141            1130  
      81            141            1152  
      82            150            1037  
      83            165            1168  
      84            156            1225  
      85            168            1214  
      86            162            1377  
      87            168            1159  
      88            171            1143  
      89            165            1166  
      90            171            1343  
      91            177            1415  
      92            171            1383  
      93            177            1229  
      94            174            1474  
      95            180            1371  
      96            183            1514  
      97            192            1361  
      98            195            1471  
      99            186            1314  
     100            192            1394  
     101            195            1337  
     102            183            1415  
     103            207            1454  
     104            198            1561  
     105            201            1558  
     106            201            1624  
     107            201            1517  
     108            201            1618  
     109            207            1550  
     110            198            1512  
     111            219            1560  
     112            210            1676  
     113            204            1575  
     114            222            1773  
     115            225            1761  
     116            219            1709  
     117            213            1652  
     118            222            1753  
     119            228            1945  
     120            234            1861  
     121            231            1708  
     122            219            2005  
     123            234            1968  
     124            225            1951  
     125            231            1926  
     126            243            1811  
     127            240            1953  
     128            225            1890  
     129            246            1967  
     130            246            1986  
     131            255            1894  
     132            243            1847  
     133            246            1957  
     134            255            2008  
     135            255            2072  
     136            255            2122  
     137            261            2262  
     138            261            2318  
     139            273            2371  
     140            261            2152  
     141            276            2116  
     142            252            2118  
     143            276            2336  
     144            264            2238  
     145            270            2271  
     146            285            2398  
     147            288            2421  
     148            288            2422  
     149            279            2264  
     150            279            2275  
     151            273            2434  
     152            291            2638  
     153            294            2695  
     154            297            2592  
     155            303            2609  
     156            294            2535  
     157            306            2327  
     158            291            2443  
     159            297            2428  
     160            288            2829  
     161            300            2652  
     162            306            2653  
     163            303            2728  
     164            312            2730  
     165            312            2714  
     166            318            2510  
     167            312            2663  
     168            315            2661  
     169            318            2865  
     170            327            2662  
     171            330            2881  
     172            327            3178  
     173            324            3263  
     174            318            3156  
     175            336            3055  
     176            318            2666  
     177            333            3032  
     178            333            2893  
     179            342            2701  
     180            354            3211  
     181            327            2887  
     182            348            2877  
     183            345            3387  
     184            351            3042  
     185            354            3216  
     186            354            3104  
     187            348            3255  
     188            342            2979  
     189            366            3377  
     190            360            3229  
     191            354            3710  
     192            357            3148  
     193            357            2815  
     194            369            3315  
     195            369            3445  
     196            363            3439  
     197            369            3420  
     198            378            3513  
     199            384            3984  
     200            384            3766  
     201            378            3229  
     202            387            3388  
     203            381            3677  
     204            372            3445  
     205            396            3920  
     206            399            3616  
     207            399            3730  
     208            414            3577  
     209            411            3672  
     210            381            3640  
     211            408            3658  
     212            405            3502  
     213            408            3383  
     214            393            4021  
     215            423            3560  
     216            405            3929  
     217            408            3432  
     218            405            3910  
     219            408            4005  
     220            408            3819  
     221            414            4517  
     222            423            3625  
     223            414            3894  
     224            423            4251  
     225            423            3623  
     226            414            3846  
     227            441            4641  
     228            438            3911  
     229            435            4357  
     230            417            4515  
     231            426            4167  
     232            447            4179  
     233            426            4239  
     234            435            4063  
     235            456            4214  
     236            441            4638  
     237            450            4285  
     238            447            4748  
     239            468            4478  
     240            453            4590  
     241            474            4426  
     242            465            4266  
     243            483            4492  
     244            465            4593  
     245            444            4754  
     246            471            4173  
     247            477            4267  
     248            477            4480  
     249            462            4743  
     250            483            4555  
     251            474            4610  
     252            477            4966  
     253            486            4307  
     254            489            4679  
     255            486            4821  
     256            492            5084  
     257            489            4583  
     258            498            4801  
     259            483            4644  
     260            492            4678  
     261            480            4625  
     262            498            5577  
     263            495            4482  
     264            501            4601  
     265            528            4661  
     266            510            4997  
     267            498            4646  
     268            513            4853  
     269            504            5003  
     270            510            5188  
     271            498            5466  
     272            516            4810  
     273            525            5213  
     274            522            5180  
     275            510            5445  
     276            540            5420  
     277            504            4780  
     278            531            5068  
     279            534            5268  
     280            537            5186  
     281            519            5103  
     282            522            5139  
     283            567            5807  
     284            507            4628  
     285            531            5700  
     286            540            4995  
     287            531            5444  
     288            522            5351  
     289            552            5779  
     290            552            4903  
     291            570            7033  
     292            549            4900  
     293            558            5391  
     294            561            5573  
     295            567            5667  
     296            552            5847  
     297            558            5306  
     298            555            5912  
     299            570            5921  
     300            555            5729  
     301            570            5486  
     302            567            5810  
     303            564            6223  
     304            576            5773  
     305            582            6122  
     306            579            6003  
     307            591            5738  
     308            570            5709  
     309            600            5979  
     310            585            5937  
     311            597            5596  
     312            603            5797  
     313            594            6624  
     314            588            5822  
     315            591            5613  
     316            615            6118  
     317            603            5405  
     318            588            5559  
     319            609            6382  
     320            621            6105  
     321            609            5818  
     322            627            5863  
     323            609            5955  
     324            609            6635  
     325            624            6240  
     326            615            5921  
     327            609            6216  
     328            618            5637  
     329            612            6198  
     330            645            6309  
     331            630            6246  
     332            618            6363  
     333            633            6138  
     334            624            6048  
     335            639            6124  
     336            651            6032  
     337            624            6960  
     338            648            6159  
     339            645            6738  
     340            654            7211  
     341            633            6667  
     342            648            7495  
     343            642            6223  
     344            636            6569  
     345            654            6685  
     346            657            6175  
     347            645            7739  
     348            672            6199  
     349            672            6289  
     350            660            7431  
     351            663            6465  
     352            672            6458  
     353            681            6267  
     354            675            6733  
     355            663            6710  
     356            657            6849  
     357            693            7044  
     358            675            7013  
     359            681            6974  
     360            675            7069  
     361            681            7213  
     362            693            7205  
     363            693            7686  
     364            687            7469  
     365            690            7179  
     366            711            7327  
     367            687            7358  
     368            699            7364  
     369            684            7231  
     370            714            8038  
     371            708            6691  
     372            723            7300  
     373            702            7473  
     374            705            7099  
     375            711            7475  
     376            699            6806  
     377            726            7255  
     378            711            6916  
     379            705            8740  
     380            723            7744  
     381            723            7267  
     382            738            7526  
     383            729            7654  
     384            702            6846  
     385            741            7332  
     386            714            7480  
     387            723            7098  
     388            732            7525  
     389            741            7444  
     390            750            7631  
     391            735            8151  
     392            750            8073  
     393            771            7185  
     394            756            8481  
     395            744            7433  
     396            732            7600  
     397            750            7561  
     398            750            8248  
     399            771            7690  
     400            756            7740  
     401            726            8672  
     402            759            8044  
     403            762            8031  
     404            744            7226  
     405            753            7739  
     406            762            7922  
     407            756            8841  
     408            783            8906  
     409            783            8186  
     410            762            7749  
     411            762            8215  
     412            777            8010  
     413            777            8581  
     414            780            8886  
     415            786            8496  
     416            774            8042  
     417            789            7898  
     418            798            8293  
     419            786            8400  
     420            789            8107  
     421            804            8737  
     422            813            8516  
     423            795            9074  
     424            807            8376  
     425            810            8868  
     426            807            8400  
     427            819            7992  
     428            804            8429  
     429            819            9466  
     430            813            8021  
     431            810            8458  
     432            813            9001  
     433            825            8374  
     434            846            9794  
     435            795            8658  
     436            825            9544  
     437            801            8680  
     438            810            8775  
     439            831            8932  
     440            837            8915  
     441            819            8684  
     442            852            8580  
     443            831            8613  
     444            837            8265  
     445            834            9769  
     446            843            9737  
     447            837            8592  
     448            843            9086  
     449            864            9483  
     450            840            8680  
     451            843            8534  
     452            870            8587  
     453            840            9293  
     454            861            9434  
     455            864            9721  
     456            852           10012  
     457            861           10425  
     458            852            8816  
     459            870            9406  
     460            867            9564  
     461            891           10452  
     462            849            8623  
     463            873            8989  
     464            879            9171  
     465            879            9637  
     466            900            9555  
     467            882            9356  
     468            870            9361  
     469            912            9324  
     470            894           10592  
     471            876            9530  
     472            894            9425  
     473            909            9448  
     474            912           10226  
     475            918            9998  
     476            918            9636  
     477            942            9759  
     478            903            9368  
     479            900            9477  
     480            936            9231  
     481            897            9705  
     482            900           10173  
     483            915            9435  
     484            915           10184  
     485            930            9698  
     486            933           10264  
     487            921            9461  
     488            936           11679  
     489            915            9483  
     490            918           10287  
     491            939            9471  
     492            936           10118  
     493            924           10511  
     494            930            9740  
     495            927           10644  
     496            924           10134  
     497            951           10629  
     498            942            9286  
     499            942           13361  
     500            948           10131  
     501            945           10269  
     502            951           10178  
     503            969           10193  
     504            978           10025  
     505            984           10638  
     506            966           12298  
     507            948           11202  
     508            966           11307  
     509            969           10508  
     510            975           10288  
     511            951           11518  
     512            975           10084  
#+ -------+--------------+--------------+--------------+--------------+--------------+--------------+
