#--------------+
#  TRI FUSION  |
#--------------+
#
#+--------+-----------------------------+
#|        |           inverse           |
#| Taille | Opérations     Comparaisons |
#+ -------+--------------+--------------+
       1              0               1  
       2              3               5  
       3              8              11  
       4             13              15  
       5             20              23  
       6             27              29  
       7             34              35  
       8             41              39  
       9             50              49  
      10             59              57  
      11             68              65  
      12             77              71  
      13             86              79  
      14             95              85  
      15            104              91  
      16            113              95  
      17            124             107  
      18            135             117  
      19            146             127  
      20            157             135  
      21            168             145  
      22            179             153  
      23            190             161  
      24            201             167  
      25            212             177  
      26            223             185  
      27            234             193  
      28            245             199  
      29            256             207  
      30            267             213  
      31            278             219  
      32            289             223  
      33            302             237  
      34            315             249  
      35            328             261  
      36            341             271  
      37            354             283  
      38            367             293  
      39            380             303  
      40            393             311  
      41            406             323  
      42            419             333  
      43            432             343  
      44            445             351  
      45            458             361  
      46            471             369  
      47            484             377  
      48            497             383  
      49            510             395  
      50            523             405  
      51            536             415  
      52            549             423  
      53            562             433  
      54            575             441  
      55            588             449  
      56            601             455  
      57            614             465  
      58            627             473  
      59            640             481  
      60            653             487  
      61            666             495  
      62            679             501  
      63            692             507  
      64            705             511  
      65            720             527  
      66            735             541  
      67            750             555  
      68            765             567  
      69            780             581  
      70            795             593  
      71            810             605  
      72            825             615  
      73            840             629  
      74            855             641  
      75            870             653  
      76            885             663  
      77            900             675  
      78            915             685  
      79            930             695  
      80            945             703  
      81            960             717  
      82            975             729  
      83            990             741  
      84           1005             751  
      85           1020             763  
      86           1035             773  
      87           1050             783  
      88           1065             791  
      89           1080             803  
      90           1095             813  
      91           1110             823  
      92           1125             831  
      93           1140             841  
      94           1155             849  
      95           1170             857  
      96           1185             863  
      97           1200             877  
      98           1215             889  
      99           1230             901  
     100           1245             911  
     101           1260             923  
     102           1275             933  
     103           1290             943  
     104           1305             951  
     105           1320             963  
     106           1335             973  
     107           1350             983  
     108           1365             991  
     109           1380            1001  
     110           1395            1009  
     111           1410            1017  
     112           1425            1023  
     113           1440            1035  
     114           1455            1045  
     115           1470            1055  
     116           1485            1063  
     117           1500            1073  
     118           1515            1081  
     119           1530            1089  
     120           1545            1095  
     121           1560            1105  
     122           1575            1113  
     123           1590            1121  
     124           1605            1127  
     125           1620            1135  
     126           1635            1141  
     127           1650            1147  
     128           1665            1151  
     129           1682            1169  
     130           1699            1185  
     131           1716            1201  
     132           1733            1215  
     133           1750            1231  
     134           1767            1245  
     135           1784            1259  
     136           1801            1271  
     137           1818            1287  
     138           1835            1301  
     139           1852            1315  
     140           1869            1327  
     141           1886            1341  
     142           1903            1353  
     143           1920            1365  
     144           1937            1375  
     145           1954            1391  
     146           1971            1405  
     147           1988            1419  
     148           2005            1431  
     149           2022            1445  
     150           2039            1457  
     151           2056            1469  
     152           2073            1479  
     153           2090            1493  
     154           2107            1505  
     155           2124            1517  
     156           2141            1527  
     157           2158            1539  
     158           2175            1549  
     159           2192            1559  
     160           2209            1567  
     161           2226            1583  
     162           2243            1597  
     163           2260            1611  
     164           2277            1623  
     165           2294            1637  
     166           2311            1649  
     167           2328            1661  
     168           2345            1671  
     169           2362            1685  
     170           2379            1697  
     171           2396            1709  
     172           2413            1719  
     173           2430            1731  
     174           2447            1741  
     175           2464            1751  
     176           2481            1759  
     177           2498            1773  
     178           2515            1785  
     179           2532            1797  
     180           2549            1807  
     181           2566            1819  
     182           2583            1829  
     183           2600            1839  
     184           2617            1847  
     185           2634            1859  
     186           2651            1869  
     187           2668            1879  
     188           2685            1887  
     189           2702            1897  
     190           2719            1905  
     191           2736            1913  
     192           2753            1919  
     193           2770            1935  
     194           2787            1949  
     195           2804            1963  
     196           2821            1975  
     197           2838            1989  
     198           2855            2001  
     199           2872            2013  
     200           2889            2023  
     201           2906            2037  
     202           2923            2049  
     203           2940            2061  
     204           2957            2071  
     205           2974            2083  
     206           2991            2093  
     207           3008            2103  
     208           3025            2111  
     209           3042            2125  
     210           3059            2137  
     211           3076            2149  
     212           3093            2159  
     213           3110            2171  
     214           3127            2181  
     215           3144            2191  
     216           3161            2199  
     217           3178            2211  
     218           3195            2221  
     219           3212            2231  
     220           3229            2239  
     221           3246            2249  
     222           3263            2257  
     223           3280            2265  
     224           3297            2271  
     225           3314            2285  
     226           3331            2297  
     227           3348            2309  
     228           3365            2319  
     229           3382            2331  
     230           3399            2341  
     231           3416            2351  
     232           3433            2359  
     233           3450            2371  
     234           3467            2381  
     235           3484            2391  
     236           3501            2399  
     237           3518            2409  
     238           3535            2417  
     239           3552            2425  
     240           3569            2431  
     241           3586            2443  
     242           3603            2453  
     243           3620            2463  
     244           3637            2471  
     245           3654            2481  
     246           3671            2489  
     247           3688            2497  
     248           3705            2503  
     249           3722            2513  
     250           3739            2521  
     251           3756            2529  
     252           3773            2535  
     253           3790            2543  
     254           3807            2549  
     255           3824            2555  
     256           3841            2559  
     257           3860            2579  
     258           3879            2597  
     259           3898            2615  
     260           3917            2631  
     261           3936            2649  
     262           3955            2665  
     263           3974            2681  
     264           3993            2695  
     265           4012            2713  
     266           4031            2729  
     267           4050            2745  
     268           4069            2759  
     269           4088            2775  
     270           4107            2789  
     271           4126            2803  
     272           4145            2815  
     273           4164            2833  
     274           4183            2849  
     275           4202            2865  
     276           4221            2879  
     277           4240            2895  
     278           4259            2909  
     279           4278            2923  
     280           4297            2935  
     281           4316            2951  
     282           4335            2965  
     283           4354            2979  
     284           4373            2991  
     285           4392            3005  
     286           4411            3017  
     287           4430            3029  
     288           4449            3039  
     289           4468            3057  
     290           4487            3073  
     291           4506            3089  
     292           4525            3103  
     293           4544            3119  
     294           4563            3133  
     295           4582            3147  
     296           4601            3159  
     297           4620            3175  
     298           4639            3189  
     299           4658            3203  
     300           4677            3215  
     301           4696            3229  
     302           4715            3241  
     303           4734            3253  
     304           4753            3263  
     305           4772            3279  
     306           4791            3293  
     307           4810            3307  
     308           4829            3319  
     309           4848            3333  
     310           4867            3345  
     311           4886            3357  
     312           4905            3367  
     313           4924            3381  
     314           4943            3393  
     315           4962            3405  
     316           4981            3415  
     317           5000            3427  
     318           5019            3437  
     319           5038            3447  
     320           5057            3455  
     321           5076            3473  
     322           5095            3489  
     323           5114            3505  
     324           5133            3519  
     325           5152            3535  
     326           5171            3549  
     327           5190            3563  
     328           5209            3575  
     329           5228            3591  
     330           5247            3605  
     331           5266            3619  
     332           5285            3631  
     333           5304            3645  
     334           5323            3657  
     335           5342            3669  
     336           5361            3679  
     337           5380            3695  
     338           5399            3709  
     339           5418            3723  
     340           5437            3735  
     341           5456            3749  
     342           5475            3761  
     343           5494            3773  
     344           5513            3783  
     345           5532            3797  
     346           5551            3809  
     347           5570            3821  
     348           5589            3831  
     349           5608            3843  
     350           5627            3853  
     351           5646            3863  
     352           5665            3871  
     353           5684            3887  
     354           5703            3901  
     355           5722            3915  
     356           5741            3927  
     357           5760            3941  
     358           5779            3953  
     359           5798            3965  
     360           5817            3975  
     361           5836            3989  
     362           5855            4001  
     363           5874            4013  
     364           5893            4023  
     365           5912            4035  
     366           5931            4045  
     367           5950            4055  
     368           5969            4063  
     369           5988            4077  
     370           6007            4089  
     371           6026            4101  
     372           6045            4111  
     373           6064            4123  
     374           6083            4133  
     375           6102            4143  
     376           6121            4151  
     377           6140            4163  
     378           6159            4173  
     379           6178            4183  
     380           6197            4191  
     381           6216            4201  
     382           6235            4209  
     383           6254            4217  
     384           6273            4223  
     385           6292            4241  
     386           6311            4257  
     387           6330            4273  
     388           6349            4287  
     389           6368            4303  
     390           6387            4317  
     391           6406            4331  
     392           6425            4343  
     393           6444            4359  
     394           6463            4373  
     395           6482            4387  
     396           6501            4399  
     397           6520            4413  
     398           6539            4425  
     399           6558            4437  
     400           6577            4447  
     401           6596            4463  
     402           6615            4477  
     403           6634            4491  
     404           6653            4503  
     405           6672            4517  
     406           6691            4529  
     407           6710            4541  
     408           6729            4551  
     409           6748            4565  
     410           6767            4577  
     411           6786            4589  
     412           6805            4599  
     413           6824            4611  
     414           6843            4621  
     415           6862            4631  
     416           6881            4639  
     417           6900            4655  
     418           6919            4669  
     419           6938            4683  
     420           6957            4695  
     421           6976            4709  
     422           6995            4721  
     423           7014            4733  
     424           7033            4743  
     425           7052            4757  
     426           7071            4769  
     427           7090            4781  
     428           7109            4791  
     429           7128            4803  
     430           7147            4813  
     431           7166            4823  
     432           7185            4831  
     433           7204            4845  
     434           7223            4857  
     435           7242            4869  
     436           7261            4879  
     437           7280            4891  
     438           7299            4901  
     439           7318            4911  
     440           7337            4919  
     441           7356            4931  
     442           7375            4941  
     443           7394            4951  
     444           7413            4959  
     445           7432            4969  
     446           7451            4977  
     447           7470            4985  
     448           7489            4991  
     449           7508            5007  
     450           7527            5021  
     451           7546            5035  
     452           7565            5047  
     453           7584            5061  
     454           7603            5073  
     455           7622            5085  
     456           7641            5095  
     457           7660            5109  
     458           7679            5121  
     459           7698            5133  
     460           7717            5143  
     461           7736            5155  
     462           7755            5165  
     463           7774            5175  
     464           7793            5183  
     465           7812            5197  
     466           7831            5209  
     467           7850            5221  
     468           7869            5231  
     469           7888            5243  
     470           7907            5253  
     471           7926            5263  
     472           7945            5271  
     473           7964            5283  
     474           7983            5293  
     475           8002            5303  
     476           8021            5311  
     477           8040            5321  
     478           8059            5329  
     479           8078            5337  
     480           8097            5343  
     481           8116            5357  
     482           8135            5369  
     483           8154            5381  
     484           8173            5391  
     485           8192            5403  
     486           8211            5413  
     487           8230            5423  
     488           8249            5431  
     489           8268            5443  
     490           8287            5453  
     491           8306            5463  
     492           8325            5471  
     493           8344            5481  
     494           8363            5489  
     495           8382            5497  
     496           8401            5503  
     497           8420            5515  
     498           8439            5525  
     499           8458            5535  
     500           8477            5543  
     501           8496            5553  
     502           8515            5561  
     503           8534            5569  
     504           8553            5575  
     505           8572            5585  
     506           8591            5593  
     507           8610            5601  
     508           8629            5607  
     509           8648            5615  
     510           8667            5621  
     511           8686            5627  
     512           8705            5631  
#+ -------+--------------+--------------+--------------+--------------+--------------+--------------+
