#--------------+
#  TRI FUSION  |
#--------------+
#
#+--------+-----------------------------+
#|        |           aleatoire           |
#| Taille | Opérations     Comparaisons |
#+ -------+--------------+--------------+
       1              0               1  
       2              3               5  
       3              8              11  
       4             13              17  
       5             19              21  
       6             26              31  
       7             34              41  
       8             41              49  
       9             47              53  
      10             59              65  
      11             64              71  
      12             72              79  
      13             82              91  
      14             92             101  
      15            101             113  
      16            113             113  
      17            124             133  
      18            132             143  
      19            142             153  
      20            155             167  
      21            166             179  
      22            175             191  
      23            187             203  
      24            191             205  
      25            209             231  
      26            217             235  
      27            231             247  
      28            238             257  
      29            255             269  
      30            263             277  
      31            277             297  
      32            286             311  
      33            297             319  
      34            307             333  
      35            326             359  
      36            335             361  
      37            346             355  
      38            360             387  
      39            370             393  
      40            388             415  
      41            399             425  
      42            408             431  
      43            425             457  
      44            437             465  
      45            449             475  
      46            463             493  
      47            475             507  
      48            482             505  
      49            502             539  
      50            514             545  
      51            525             551  
      52            539             571  
      53            554             593  
      54            569             603  
      55            580             609  
      56            590             631  
      57            606             649  
      58            616             655  
      59            635             679  
      60            642             677  
      61            661             693  
      62            665             699  
      63            686             729  
      64            695             735  
      65            715             751  
      66            724             751  
      67            737             779  
      68            756             807  
      69            773             823  
      70            781             835  
      71            794             829  
      72            812             855  
      73            826             861  
      74            846             899  
      75            854             883  
      76            871             911  
      77            896             935  
      78            898             945  
      79            902             937  
      80            929             973  
      81            943             989  
      82            957            1011  
      83            973            1035  
      84            985            1033  
      85           1006            1047  
      86           1018            1069  
      87           1031            1069  
      88           1045            1103  
      89           1056            1111  
      90           1077            1141  
      91           1087            1145  
      92           1108            1173  
      93           1116            1147  
      94           1130            1187  
      95           1144            1191  
      96           1159            1199  
      97           1183            1255  
      98           1192            1253  
      99           1217            1287  
     100           1225            1291  
     101           1242            1315  
     102           1250            1309  
     103           1283            1359  
     104           1289            1359  
     105           1304            1373  
     106           1319            1373  
     107           1335            1395  
     108           1343            1403  
     109           1364            1431  
     110           1364            1421  
     111           1397            1473  
     112           1412            1487  
     113           1417            1495  
     114           1436            1523  
     115           1454            1525  
     116           1464            1523  
     117           1469            1517  
     118           1487            1561  
     119           1515            1589  
     120           1524            1577  
     121           1542            1591  
     122           1557            1625  
     123           1568            1643  
     124           1590            1635  
     125           1608            1681  
     126           1624            1717  
     127           1634            1713  
     128           1641            1723  
     129           1662            1729  
     130           1682            1761  
     131           1701            1765  
     132           1719            1809  
     133           1734            1819  
     134           1748            1831  
     135           1766            1863  
     136           1781            1873  
     137           1786            1871  
     138           1817            1913  
     139           1825            1895  
     140           1848            1945  
     141           1860            1951  
     142           1864            1935  
     143           1895            1979  
     144           1913            1981  
     145           1918            2007  
     146           1937            1997  
     147           1951            2029  
     148           1977            2065  
     149           1978            2057  
     150           2012            2111  
     151           2034            2145  
     152           2041            2139  
     153           2053            2121  
     154           2080            2173  
     155           2098            2197  
     156           2116            2221  
     157           2122            2231  
     158           2122            2199  
     159           2157            2243  
     160           2170            2273  
     161           2185            2287  
     162           2205            2307  
     163           2211            2299  
     164           2235            2317  
     165           2234            2313  
     166           2275            2379  
     167           2300            2425  
     168           2299            2403  
     169           2327            2437  
     170           2346            2435  
     171           2352            2455  
     172           2379            2495  
     173           2393            2493  
     174           2403            2495  
     175           2425            2511  
     176           2446            2533  
     177           2462            2567  
     178           2467            2567  
     179           2489            2575  
     180           2508            2619  
     181           2517            2629  
     182           2540            2655  
     183           2562            2675  
     184           2577            2691  
     185           2594            2713  
     186           2614            2719  
     187           2621            2719  
     188           2656            2775  
     189           2661            2781  
     190           2679            2801  
     191           2688            2779  
     192           2726            2847  
     193           2714            2829  
     194           2723            2809  
     195           2759            2867  
     196           2784            2911  
     197           2798            2897  
     198           2817            2935  
     199           2842            2971  
     200           2849            2975  
     201           2863            2975  
     202           2868            2973  
     203           2887            2997  
     204           2922            3049  
     205           2928            3055  
     206           2950            3079  
     207           2966            3097  
     208           2978            3075  
     209           2995            3111  
     210           3022            3145  
     211           3030            3169  
     212           3057            3213  
     213           3074            3195  
     214           3092            3225  
     215           3103            3221  
     216           3127            3275  
     217           3151            3309  
     218           3148            3267  
     219           3174            3305  
     220           3181            3297  
     221           3204            3349  
     222           3222            3341  
     223           3226            3371  
     224           3256            3373  
     225           3265            3389  
     226           3303            3467  
     227           3311            3465  
     228           3308            3441  
     229           3346            3497  
     230           3361            3501  
     231           3379            3535  
     232           3389            3499  
     233           3408            3543  
     234           3418            3551  
     235           3450            3595  
     236           3465            3599  
     237           3480            3617  
     238           3494            3635  
     239           3525            3675  
     240           3527            3673  
     241           3545            3685  
     242           3561            3689  
     243           3584            3727  
     244           3597            3729  
     245           3602            3737  
     246           3642            3811  
     247           3648            3797  
     248           3653            3769  
     249           3684            3845  
     250           3698            3849  
     251           3701            3825  
     252           3737            3903  
     253           3768            3929  
     254           3786            3947  
     255           3779            3937  
     256           3821            3963  
     257           3823            3955  
     258           3839            4013  
     259           3868            4003  
     260           3885            4063  
     261           3889            4041  
     262           3922            4083  
     263           3939            4127  
     264           3952            4101  
     265           3969            4097  
     266           3997            4153  
     267           4012            4185  
     268           4026            4201  
     269           4050            4211  
     270           4052            4211  
     271           4092            4273  
     272           4090            4261  
     273           4127            4309  
     274           4136            4297  
     275           4158            4321  
     276           4179            4375  
     277           4201            4391  
     278           4202            4353  
     279           4224            4383  
     280           4244            4423  
     281           4270            4463  
     282           4274            4427  
     283           4303            4483  
     284           4323            4477  
     285           4340            4513  
     286           4374            4551  
     287           4385            4567  
     288           4382            4543  
     289           4434            4621  
     290           4415            4553  
     291           4418            4561  
     292           4480            4671  
     293           4480            4665  
     294           4503            4661  
     295           4524            4709  
     296           4542            4731  
     297           4578            4733  
     298           4572            4757  
     299           4598            4781  
     300           4605            4791  
     301           4627            4801  
     302           4657            4835  
     303           4671            4855  
     304           4696            4887  
     305           4691            4869  
     306           4741            4939  
     307           4734            4919  
     308           4769            4953  
     309           4780            4953  
     310           4793            4965  
     311           4810            5005  
     312           4832            5035  
     313           4854            5045  
     314           4881            5075  
     315           4885            5077  
     316           4908            5101  
     317           4923            5107  
     318           4950            5129  
     319           4972            5189  
     320           4991            5171  
     321           4992            5185  
     322           5023            5223  
     323           5050            5249  
     324           5069            5283  
     325           5076            5255  
     326           5093            5285  
     327           5113            5299  
     328           5123            5297  
     329           5159            5365  
     330           5177            5379  
     331           5188            5401  
     332           5214            5433  
     333           5225            5417  
     334           5244            5443  
     335           5273            5495  
     336           5279            5463  
     337           5308            5497  
     338           5326            5527  
     339           5348            5559  
     340           5357            5541  
     341           5370            5561  
     342           5402            5605  
     343           5418            5625  
     344           5428            5599  
     345           5468            5685  
     346           5473            5697  
     347           5495            5671  
     348           5489            5677  
     349           5527            5733  
     350           5545            5761  
     351           5564            5753  
     352           5573            5755  
     353           5601            5803  
     354           5587            5789  
     355           5641            5845  
     356           5655            5873  
     357           5660            5857  
     358           5711            5921  
     359           5721            5939  
     360           5727            5923  
     361           5768            5985  
     362           5785            5977  
     363           5787            6015  
     364           5810            6015  
     365           5822            6037  
     366           5849            6055  
     367           5876            6117  
     368           5877            6097  
     369           5891            6109  
     370           5921            6111  
     371           5931            6153  
     372           5972            6193  
     373           5958            6177  
     374           6001            6231  
     375           6036            6267  
     376           6043            6259  
     377           6055            6285  
     378           6075            6275  
     379           6110            6359  
     380           6105            6337  
     381           6126            6345  
     382           6157            6391  
     383           6171            6385  
     384           6177            6367  
     385           6211            6451  
     386           6217            6419  
     387           6247            6457  
     388           6277            6533  
     389           6257            6449  
     390           6297            6525  
     391           6331            6553  
     392           6338            6577  
     393           6353            6573  
     394           6385            6659  
     395           6403            6637  
     396           6419            6667  
     397           6420            6659  
     398           6450            6691  
     399           6467            6709  
     400           6490            6755  
     401           6511            6753  
     402           6538            6797  
     403           6554            6787  
     404           6564            6803  
     405           6584            6801  
     406           6607            6857  
     407           6621            6871  
     408           6636            6857  
     409           6674            6909  
     410           6687            6925  
     411           6698            6943  
     412           6711            6965  
     413           6743            6997  
     414           6756            7003  
     415           6767            7001  
     416           6781            7015  
     417           6834            7113  
     418           6835            7097  
     419           6839            7075  
     420           6859            7095  
     421           6890            7147  
     422           6901            7145  
     423           6931            7173  
     424           6946            7193  
     425           6983            7249  
     426           6967            7215  
     427           7001            7237  
     428           7030            7293  
     429           7056            7309  
     430           7056            7335  
     431           7079            7289  
     432           7101            7339  
     433           7109            7337  
     434           7134            7379  
     435           7130            7369  
     436           7173            7427  
     437           7184            7447  
     438           7225            7471  
     439           7237            7507  
     440           7262            7547  
     441           7284            7535  
     442           7274            7541  
     443           7313            7593  
     444           7327            7603  
     445           7370            7673  
     446           7362            7625  
     447           7381            7625  
     448           7407            7687  
     449           7405            7689  
     450           7437            7699  
     451           7454            7727  
     452           7455            7717  
     453           7510            7785  
     454           7519            7803  
     455           7543            7821  
     456           7567            7841  
     457           7569            7841  
     458           7578            7843  
     459           7620            7893  
     460           7642            7893  
     461           7646            7903  
     462           7667            7935  
     463           7696            7979  
     464           7714            8001  
     465           7745            8057  
     466           7745            8023  
     467           7790            8099  
     468           7783            8051  
     469           7805            8071  
     470           7841            8155  
     471           7859            8179  
     472           7844            8111  
     473           7883            8153  
     474           7893            8159  
     475           7907            8179  
     476           7945            8243  
     477           7965            8251  
     478           7972            8233  
     479           8006            8317  
     480           8004            8307  
     481           8044            8339  
     482           8051            8345  
     483           8092            8429  
     484           8099            8399  
     485           8125            8419  
     486           8148            8455  
     487           8157            8419  
     488           8179            8465  
     489           8190            8463  
     490           8203            8513  
     491           8235            8553  
     492           8234            8537  
     493           8281            8593  
     494           8287            8583  
     495           8299            8567  
     496           8336            8641  
     497           8351            8659  
     498           8362            8651  
     499           8381            8669  
     500           8417            8731  
     501           8388            8679  
     502           8448            8739  
     503           8466            8751  
     504           8474            8773  
     505           8511            8857  
     506           8503            8783  
     507           8537            8843  
     508           8571            8879  
     509           8590            8893  
     510           8607            8931  
     511           8607            8877  
     512           8663            8983  
#+ -------+--------------+--------------+--------------+--------------+--------------+--------------+
