#-----------------+
#  TRI INSERTION  |
#-----------------+
#
#+--------+-----------------------------+
#|        |           inverse           |
#| Taille | Opérations     Comparaisons |
#+ -------+--------------+--------------+
       1              0               0  
       2              3               2  
       3              7               5  
       4             12               9  
       5             18              14  
       6             25              20  
       7             33              27  
       8             42              35  
       9             52              44  
      10             63              54  
      11             75              65  
      12             88              77  
      13            102              90  
      14            117             104  
      15            133             119  
      16            150             135  
      17            168             152  
      18            187             170  
      19            207             189  
      20            228             209  
      21            250             230  
      22            273             252  
      23            297             275  
      24            322             299  
      25            348             324  
      26            375             350  
      27            403             377  
      28            432             405  
      29            462             434  
      30            493             464  
      31            525             495  
      32            558             527  
      33            592             560  
      34            627             594  
      35            663             629  
      36            700             665  
      37            738             702  
      38            777             740  
      39            817             779  
      40            858             819  
      41            900             860  
      42            943             902  
      43            987             945  
      44           1032             989  
      45           1078            1034  
      46           1125            1080  
      47           1173            1127  
      48           1222            1175  
      49           1272            1224  
      50           1323            1274  
      51           1375            1325  
      52           1428            1377  
      53           1482            1430  
      54           1537            1484  
      55           1593            1539  
      56           1650            1595  
      57           1708            1652  
      58           1767            1710  
      59           1827            1769  
      60           1888            1829  
      61           1950            1890  
      62           2013            1952  
      63           2077            2015  
      64           2142            2079  
      65           2208            2144  
      66           2275            2210  
      67           2343            2277  
      68           2412            2345  
      69           2482            2414  
      70           2553            2484  
      71           2625            2555  
      72           2698            2627  
      73           2772            2700  
      74           2847            2774  
      75           2923            2849  
      76           3000            2925  
      77           3078            3002  
      78           3157            3080  
      79           3237            3159  
      80           3318            3239  
      81           3400            3320  
      82           3483            3402  
      83           3567            3485  
      84           3652            3569  
      85           3738            3654  
      86           3825            3740  
      87           3913            3827  
      88           4002            3915  
      89           4092            4004  
      90           4183            4094  
      91           4275            4185  
      92           4368            4277  
      93           4462            4370  
      94           4557            4464  
      95           4653            4559  
      96           4750            4655  
      97           4848            4752  
      98           4947            4850  
      99           5047            4949  
     100           5148            5049  
     101           5250            5150  
     102           5353            5252  
     103           5457            5355  
     104           5562            5459  
     105           5668            5564  
     106           5775            5670  
     107           5883            5777  
     108           5992            5885  
     109           6102            5994  
     110           6213            6104  
     111           6325            6215  
     112           6438            6327  
     113           6552            6440  
     114           6667            6554  
     115           6783            6669  
     116           6900            6785  
     117           7018            6902  
     118           7137            7020  
     119           7257            7139  
     120           7378            7259  
     121           7500            7380  
     122           7623            7502  
     123           7747            7625  
     124           7872            7749  
     125           7998            7874  
     126           8125            8000  
     127           8253            8127  
     128           8382            8255  
     129           8512            8384  
     130           8643            8514  
     131           8775            8645  
     132           8908            8777  
     133           9042            8910  
     134           9177            9044  
     135           9313            9179  
     136           9450            9315  
     137           9588            9452  
     138           9727            9590  
     139           9867            9729  
     140          10008            9869  
     141          10150           10010  
     142          10293           10152  
     143          10437           10295  
     144          10582           10439  
     145          10728           10584  
     146          10875           10730  
     147          11023           10877  
     148          11172           11025  
     149          11322           11174  
     150          11473           11324  
     151          11625           11475  
     152          11778           11627  
     153          11932           11780  
     154          12087           11934  
     155          12243           12089  
     156          12400           12245  
     157          12558           12402  
     158          12717           12560  
     159          12877           12719  
     160          13038           12879  
     161          13200           13040  
     162          13363           13202  
     163          13527           13365  
     164          13692           13529  
     165          13858           13694  
     166          14025           13860  
     167          14193           14027  
     168          14362           14195  
     169          14532           14364  
     170          14703           14534  
     171          14875           14705  
     172          15048           14877  
     173          15222           15050  
     174          15397           15224  
     175          15573           15399  
     176          15750           15575  
     177          15928           15752  
     178          16107           15930  
     179          16287           16109  
     180          16468           16289  
     181          16650           16470  
     182          16833           16652  
     183          17017           16835  
     184          17202           17019  
     185          17388           17204  
     186          17575           17390  
     187          17763           17577  
     188          17952           17765  
     189          18142           17954  
     190          18333           18144  
     191          18525           18335  
     192          18718           18527  
     193          18912           18720  
     194          19107           18914  
     195          19303           19109  
     196          19500           19305  
     197          19698           19502  
     198          19897           19700  
     199          20097           19899  
     200          20298           20099  
     201          20500           20300  
     202          20703           20502  
     203          20907           20705  
     204          21112           20909  
     205          21318           21114  
     206          21525           21320  
     207          21733           21527  
     208          21942           21735  
     209          22152           21944  
     210          22363           22154  
     211          22575           22365  
     212          22788           22577  
     213          23002           22790  
     214          23217           23004  
     215          23433           23219  
     216          23650           23435  
     217          23868           23652  
     218          24087           23870  
     219          24307           24089  
     220          24528           24309  
     221          24750           24530  
     222          24973           24752  
     223          25197           24975  
     224          25422           25199  
     225          25648           25424  
     226          25875           25650  
     227          26103           25877  
     228          26332           26105  
     229          26562           26334  
     230          26793           26564  
     231          27025           26795  
     232          27258           27027  
     233          27492           27260  
     234          27727           27494  
     235          27963           27729  
     236          28200           27965  
     237          28438           28202  
     238          28677           28440  
     239          28917           28679  
     240          29158           28919  
     241          29400           29160  
     242          29643           29402  
     243          29887           29645  
     244          30132           29889  
     245          30378           30134  
     246          30625           30380  
     247          30873           30627  
     248          31122           30875  
     249          31372           31124  
     250          31623           31374  
     251          31875           31625  
     252          32128           31877  
     253          32382           32130  
     254          32637           32384  
     255          32893           32639  
     256          33150           32895  
     257          33408           33152  
     258          33667           33410  
     259          33927           33669  
     260          34188           33929  
     261          34450           34190  
     262          34713           34452  
     263          34977           34715  
     264          35242           34979  
     265          35508           35244  
     266          35775           35510  
     267          36043           35777  
     268          36312           36045  
     269          36582           36314  
     270          36853           36584  
     271          37125           36855  
     272          37398           37127  
     273          37672           37400  
     274          37947           37674  
     275          38223           37949  
     276          38500           38225  
     277          38778           38502  
     278          39057           38780  
     279          39337           39059  
     280          39618           39339  
     281          39900           39620  
     282          40183           39902  
     283          40467           40185  
     284          40752           40469  
     285          41038           40754  
     286          41325           41040  
     287          41613           41327  
     288          41902           41615  
     289          42192           41904  
     290          42483           42194  
     291          42775           42485  
     292          43068           42777  
     293          43362           43070  
     294          43657           43364  
     295          43953           43659  
     296          44250           43955  
     297          44548           44252  
     298          44847           44550  
     299          45147           44849  
     300          45448           45149  
     301          45750           45450  
     302          46053           45752  
     303          46357           46055  
     304          46662           46359  
     305          46968           46664  
     306          47275           46970  
     307          47583           47277  
     308          47892           47585  
     309          48202           47894  
     310          48513           48204  
     311          48825           48515  
     312          49138           48827  
     313          49452           49140  
     314          49767           49454  
     315          50083           49769  
     316          50400           50085  
     317          50718           50402  
     318          51037           50720  
     319          51357           51039  
     320          51678           51359  
     321          52000           51680  
     322          52323           52002  
     323          52647           52325  
     324          52972           52649  
     325          53298           52974  
     326          53625           53300  
     327          53953           53627  
     328          54282           53955  
     329          54612           54284  
     330          54943           54614  
     331          55275           54945  
     332          55608           55277  
     333          55942           55610  
     334          56277           55944  
     335          56613           56279  
     336          56950           56615  
     337          57288           56952  
     338          57627           57290  
     339          57967           57629  
     340          58308           57969  
     341          58650           58310  
     342          58993           58652  
     343          59337           58995  
     344          59682           59339  
     345          60028           59684  
     346          60375           60030  
     347          60723           60377  
     348          61072           60725  
     349          61422           61074  
     350          61773           61424  
     351          62125           61775  
     352          62478           62127  
     353          62832           62480  
     354          63187           62834  
     355          63543           63189  
     356          63900           63545  
     357          64258           63902  
     358          64617           64260  
     359          64977           64619  
     360          65338           64979  
     361          65700           65340  
     362          66063           65702  
     363          66427           66065  
     364          66792           66429  
     365          67158           66794  
     366          67525           67160  
     367          67893           67527  
     368          68262           67895  
     369          68632           68264  
     370          69003           68634  
     371          69375           69005  
     372          69748           69377  
     373          70122           69750  
     374          70497           70124  
     375          70873           70499  
     376          71250           70875  
     377          71628           71252  
     378          72007           71630  
     379          72387           72009  
     380          72768           72389  
     381          73150           72770  
     382          73533           73152  
     383          73917           73535  
     384          74302           73919  
     385          74688           74304  
     386          75075           74690  
     387          75463           75077  
     388          75852           75465  
     389          76242           75854  
     390          76633           76244  
     391          77025           76635  
     392          77418           77027  
     393          77812           77420  
     394          78207           77814  
     395          78603           78209  
     396          79000           78605  
     397          79398           79002  
     398          79797           79400  
     399          80197           79799  
     400          80598           80199  
     401          81000           80600  
     402          81403           81002  
     403          81807           81405  
     404          82212           81809  
     405          82618           82214  
     406          83025           82620  
     407          83433           83027  
     408          83842           83435  
     409          84252           83844  
     410          84663           84254  
     411          85075           84665  
     412          85488           85077  
     413          85902           85490  
     414          86317           85904  
     415          86733           86319  
     416          87150           86735  
     417          87568           87152  
     418          87987           87570  
     419          88407           87989  
     420          88828           88409  
     421          89250           88830  
     422          89673           89252  
     423          90097           89675  
     424          90522           90099  
     425          90948           90524  
     426          91375           90950  
     427          91803           91377  
     428          92232           91805  
     429          92662           92234  
     430          93093           92664  
     431          93525           93095  
     432          93958           93527  
     433          94392           93960  
     434          94827           94394  
     435          95263           94829  
     436          95700           95265  
     437          96138           95702  
     438          96577           96140  
     439          97017           96579  
     440          97458           97019  
     441          97900           97460  
     442          98343           97902  
     443          98787           98345  
     444          99232           98789  
     445          99678           99234  
     446         100125           99680  
     447         100573          100127  
     448         101022          100575  
     449         101472          101024  
     450         101923          101474  
     451         102375          101925  
     452         102828          102377  
     453         103282          102830  
     454         103737          103284  
     455         104193          103739  
     456         104650          104195  
     457         105108          104652  
     458         105567          105110  
     459         106027          105569  
     460         106488          106029  
     461         106950          106490  
     462         107413          106952  
     463         107877          107415  
     464         108342          107879  
     465         108808          108344  
     466         109275          108810  
     467         109743          109277  
     468         110212          109745  
     469         110682          110214  
     470         111153          110684  
     471         111625          111155  
     472         112098          111627  
     473         112572          112100  
     474         113047          112574  
     475         113523          113049  
     476         114000          113525  
     477         114478          114002  
     478         114957          114480  
     479         115437          114959  
     480         115918          115439  
     481         116400          115920  
     482         116883          116402  
     483         117367          116885  
     484         117852          117369  
     485         118338          117854  
     486         118825          118340  
     487         119313          118827  
     488         119802          119315  
     489         120292          119804  
     490         120783          120294  
     491         121275          120785  
     492         121768          121277  
     493         122262          121770  
     494         122757          122264  
     495         123253          122759  
     496         123750          123255  
     497         124248          123752  
     498         124747          124250  
     499         125247          124749  
     500         125748          125249  
     501         126250          125750  
     502         126753          126252  
     503         127257          126755  
     504         127762          127259  
     505         128268          127764  
     506         128775          128270  
     507         129283          128777  
     508         129792          129285  
     509         130302          129794  
     510         130813          130304  
     511         131325          130815  
     512         131838          131327  
#+ -------+--------------+--------------+--------------+--------------+--------------+--------------+
